0,40
1,40
2,40
3,40
4,40
5,40
6,38
7,40
8,40
9,41
10,41
11,40
12,39
13,40
14,44
15,45
16,45
17,45
18,44
19,44
20,45
21,45
22,45
23,45
24,38
25,40
26,40
27,42
28,39
29,40
30,40
31,39
32,39
33,40
34,40
35,40
36,38
37,40
38,40
39,40
40,45
41,40
42,40
43,40
44,40
45,41
46,38
47,42
48,37
49,45
50,45
51,45
52,45
53,45
54,45
55,45
56,45
57,44
58,45
59,45
60,45
61,45
62,40
63,40
64,40
65,40
66,39
67,40
68,40
69,37
70,40
71,40
72,40
73,40
74,39
75,40
76,40
77,40
78,40
79,41
80,40
81,39
82,40
83,40
84,40
85,39
86,41
87,41
88,39
89,40
90,40
91,41
92,40
93,40
94,40
95,40
96,40
97,39
98,39
99,40
100,39
101,40
102,40
103,40
104,41
105,39
106,40
107,40
108,40
109,40
110,38
111,40
112,39
113,36
114,40
115,39
116,38
117,39
118,39
119,39
120,39
121,39
122,39
123,39
124,40
125,40
126,40
127,40
128,40
129,40
130,41
131,40
132,40
133,40
134,40
135,40
136,40
137,40
138,40
139,38
140,40
141,37
142,38
143,37
144,40
145,40
146,40
147,39
148,40
149,40
150,39
151,40
152,40
153,40
154,40
155,40
156,41
157,39
158,40
159,38
160,40
161,40
162,40
163,40
164,40
165,40
166,40
167,41
168,40
169,77
170,37
171,42
172,39
173,37
174,37
175,40
176,40
177,40
178,37
179,39
180,38
181,38
182,38
183,38
184,38
185,37
186,38
187,38
188,38
189,38
190,38
191,38
192,38
193,37
194,38
195,38
196,38
197,38
198,10
199,38
200,38
201,38
202,38
203,38
204,37
205,41
206,40
207,41
208,37
209,40
210,40
211,40
212,40
213,40
214,40
215,40
216,40
217,40
218,37
219,37
220,37
221,37
222,37
223,37
224,37
225,36
226,37
227,37
228,37
229,36
230,37
231,37
232,40
233,40
234,40
235,40
236,39
237,40
238,37
239,40
240,40
241,40
242,40
243,40
244,40
245,40
246,40
247,40
248,40
249,42
250,40
251,39
252,40
253,40
254,40
255,40
256,41
257,40
258,40
259,40
260,40
261,40
262,40
263,41
264,39
265,40
266,39
267,40
268,36
269,37
270,37
271,37
272,37
273,37
274,37
275,37
276,37
277,37
278,37
279,37
280,40
281,39
282,40
283,41
284,39
285,40
286,40
287,40
288,40
289,40
290,40
291,22
292,40
293,38
294,40
295,38
296,38
297,38
298,38
299,39
300,38
301,38
302,38
303,38
304,38
305,38
306,37
307,37
308,37
309,37
310,37
311,37
312,37
313,37
314,37
315,37
316,36
317,37
318,37
319,37
320,37
321,37
322,37
323,37
324,39
325,37
326,37
327,40
328,35
329,38
330,40
331,40
332,40
333,40
334,40
335,37
336,40
337,40
338,40
339,40
340,40
341,39
342,40
343,38
344,37
345,37
346,37
347,37
348,37
349,37
350,37
351,37
352,37
353,35
354,36
355,37
356,37
357,38
358,37
359,39
360,37
361,37
362,37
363,37
364,37
365,37
366,37
367,37
368,37
369,38
370,39
371,39
372,39
373,39
374,39
375,39
376,39
377,39
378,35
379,39
380,39
381,35
382,35
383,35
384,35
385,35
386,35
387,35
388,35
389,35
390,37
391,35
392,38
393,39
394,38
395,40
396,40
397,41
398,40
399,40
400,39
401,40
402,40
403,40
404,40
405,39
406,34
407,34
408,34
409,71
410,34
411,35
412,34
413,34
414,37
415,38
416,34
417,34
418,35
419,35
420,37
421,38
422,38
423,37
424,38
425,37
426,33
427,38
428,38
429,38
430,37
431,38
432,37
433,33
434,35
435,35
436,34
437,34
438,33
439,35
440,34
441,34
442,34
443,37
444,34
445,40
446,40
447,40
448,40
449,40
450,40
451,40
452,40
453,40
454,40
455,41
456,39
457,37
458,37
459,37
460,37
461,38
462,37
463,37
464,36
465,37
466,37
467,37
468,37
469,36
470,37
471,37
472,38
473,39
474,38
475,37
476,38
477,38
478,38
479,38
480,38
481,38
482,38
483,38
484,37
485,74
486,37
487,74
488,37
489,38
490,37
491,37
492,38
493,36
494,36
495,36
496,36
497,36
498,36
499,35
500,36
501,37
